903 INDEX MATERIARUM. 161 ’

cot. Cul. ’.ἶ-1. ·
6666166668.11661666161166Ιί666. 681 1111166616 6616666666. 116161. ,1116 16666666 116161661666666, 611666
6161 6161661663. 1166111666 7661666616, S. 6161616166166616611666616666666. 736 616111666166616616161166166166616 1161
6166176116666616161111666. 666 161 1666116666, 7666666666] 61 661661616666166666616665666166
161616166166661666666616666.1166666111 116166666666166. 7311 1166611661161,1166116161166666Ι ’.6
Ρ6666666661, 6611 61616166666665.116611611166661. 7111 ,16111666666661666611,661Ιι661666616Ι
Ad 666666666616666166.616166666666. Ad 66166666616666661666 6666666611 616616666666666111166166661. 12¹1
666161611666666666616616666666666. 6116 (1661666166. 7-11 1161 6161661666 S. 1166616116 6161666666
11616166616666666166616666666166.116161. 61616616666661116166666666666111166- S. frambaudi Silvane·.·t·¹11s·:·11. :¹1
6161 Kriou-111 61 6666661666 S. 116661. 661 66666611161666666616166166, 116161. 6111616666666666166611.(1666616666. :2³2
661’1661616666111166166666616166.116161. ,1616616666666111666166. 713 6161 ι1116666666 6161661616 61661666
11611166666666166666116616616666666166. 6161 Ad universos (11661611 11616166. 11661. 61661 cantorem Parisivnwm. 1161.
66111666661616666 661666668666166·1166616 61616616666666166161111616166. 711 ,16666166616666666 7666666666. fin-³
fontis 6166116666. 6111 Ad capitulum vivariam, 716 61616666616166661116661666 66616116·-
Ad 1166666661666 66666166661666166666 ,161666616166666766161116166. 716 6666666166166666666. ts:
111111616- 6116 ,161116661666666666666166166. 116161. 616166166666666666611116616616. 116
Aa 6161666166 616 1166166616 616161161161666· ,161 666666666661666 S. Pauli 616 116166. 7111 61616661666666.11666666666666 61616166
66666166616661661166.6661666666.667 616111616616661666616616666166. 761 snm-ti 1161666,116661166μί6. 1:1³
1611166666666616666666661666 ,1661666666 ,1611166666661666666616166.’1666661661666- 61616661666166.116666611666666. 761
16616616. 61111 sennan! 6166666666 s.An·1··‹=wGra1iu- 6161 1666666616 1116611 5666166Ρ6666116
66166666166666616666. 61111 666616166661616661166666666666.761 ,6666166666 cardinalem. 767
616166616166166. ’1666666666 71111 ,16111661666661666661666666661616166. 76111 A« 6661666616.61666666666166166666
6161 6161666166Ι 616 1666616661 61 S. 116161. 661 ,161 6661666666 66666616666166·7661666166 61661616666661. 7161
661666666661161611166661616. 611666. 7111 61 1161666166. 757 61616661666666016116111116161. 11661.
Α( 66611616661166666666. 7⁰2 ,16111166616666161661616. 71111 616111666166666666161661766666666666,,7111
6161 6161616166666. 6616666666. 6666661- Ad 6161661666 666666166161681611611666- Ad 11666116661666 666161661666666666--
tum ,116661666166616666116 61 66166666 6666616616661666611616. 7611 6166666616. 6-6
61611611666161166661666666616, 7111 Ad 11.·666166666666166.. 66166666611666 66166666.611666666166666666.-6
616166611616661166666666. 6116161. 616616616611666661166661166666666. 761 ,11161616615.11616116,111666111666166·
61616666616166666661 1661666166661161166. ,16116166666116666661666616666. 766 1616661666. 66
116616· ’11666616666666666 761 7161 61666666 61 66666166661111661666. 761 616116666666666, Paduanum et fes:-
616111666661166666116666666666166. 7116 616166616666661116616116616166. 766 6166666666666666. 611
616156661666666161161616666. 766 ΑιΙ66·16666666666667666666666. 116161. 6161 univorsos 6616166166Ι 166 666666611ιί6-
,11661666661166666666. 767 6166616666.1161166666166666666166166666 1661666166611616 6666111666. 611
616166616166166666,6666666661666· 6666666166666661116616661666666. 767 61616666161661,666666661111661666666666. 661
1616611666666166. 71111 ,1616166166666666666 61116666666666666666 ,161 1161161666 61666666 6166116116. 611
116161166666666666 ’66166666 61 fratres S. 66666666. 116161. .161111666·166661666 6661616666.5616166-
11666166161166666. 70116111061666166166. 761 6666616. 611
1161 6161666666 11666666661661666666 61 61616661666166.111166616666666. 766 616166166666661616666666. 616
66161611666666661166666666. 7611 6161661666666661166666166666,616166· 1161661166666661666666666. 5611
m abbatom S. Iohannis, 6166161666 16666 1166111661 ac· 66616161166666666 6166661666166.1166161166666666, 11161
1’.666666166666 Ι1666666666..6166166666 (1666666666666666. 7711 61611666666111Τ1666666666 6661616 6. ’611
11666666661666666611616666. 7111 6161666166666611616166616616116665. 771 ,1616666616166666611661666616666666-61-
161616666666666166611616166611666666.711 ,16166666666611666111666666. 771 16116111666661666116666. 611
616161666666666661666661.6166116166166. 713 6161661666667616666161666666666 61 16- 6161 66616166. 61
6161111611166666661166666666666666666,116161. 6166666666. 77661616661666. 615
116166616666661666616666.66166.. 711 616111166161666666666661661116ῆεί16. 116161. ,1616661666 111
116111666166666661616616666666611666- 6161 616166166661161161666166616166666- 161 666616166166Ἳηῑηι 7661166666, 611
6666666666. 716 ,611666 616166666661111666666616, 671 6161 6161661666 1166616661 61 ,1616611666-
61616166116616616666.6616666666. 716 ,16166166666666116666666666616661- ,666666111661661166666666616666. 116ιῖ.
616166666166166616666666. 722 1616666 6666616166 6116666616. 673 61616616615.16166661166661616666. 631
,1616666616116166666666661666.7111 Ad 6161661666161116661166. ,1661611666 Ad 1166661116 6666116666 ,1166666-··66<·’·666
,111 1166666666616661166666666666166.711 6666.11661666161.11166661666616 611666.. 6666666166616666. 6611
6161116666166666616166.1166666666. 116. 6166616661661166.,1666661666666666 776 ,161 1111661666666666 6661616616. 61 6666,
6161(11616116666666116666666616666. 723 ,1616616666166.176166111116611666616.776 1661666166666116611666666666666666-
116161666666666.1166666666661666661 1666666- ,16166166666661166616666. 11661. 166166. 6111
61166666161666616.66666166666666166- ,16161616616661616616616.6161616666, ,161116666666666666666616666666, 661,
11661 ,1661666 716 6661666616611666.1166116166166666666. 7711 ,161666666661666616666613 1661666616·-
61ι116666616666616666116666616. 727 ,1611111666666616616661161166666666661 666666616666611666, 611
6161666616666666111661611 1161616611616616661 6616666666. 7611 61616611666166666 66166.11616616666666. 6ῑῖ6
1166666666666. 7161 Asicapitul.s.Anclrewfrisingenzis.:sl 61616661666616.116166666666666. 66·

6161 66616166.6666666616· 61 1161666166. 7111 1161 ,1666166666 1661666666 66616166116161. 6161 6666616666. 11.-,1.

6161 provinciam moguntinam. 7311 6161 6666616166666 1. 61 11. 1666611666. ,6161166666666666666611616116 616
6111616166166661616661661(1666666766- 6661661166.11666166666666. 116161. 6161616166166616111666166616,1161166666-

666666661...16666166. 7111 ,11166616166166666666 1666166666. 6616- 66616 61 666666116666616 11666666. 6161
6616666166666 1666166666. 7:32 6666666 166161616666616616161661616116 Ad 111116166666 Pit-taven.. 6166666666
,1616666616666616,·611661166666666. 116161, 1166166616, 7111 [6611661116661. 611
611’16666661666666666166· 6166661661. 116. ,161666661666166666166668111666666. 763 ,161111666666616666116661. nna,
,161616666666116616·. 736 ,161 Christianum 11166666· 66166. 761 1161666666166656666666. w
Λ1666166616.1166666666] 61 661666- ,1616161661666 Ι66666611 1166661116161666- 61611161661666 61116666616666 66166, 11661
, ,6666616661161666166. 736 6666666 S. 166661666611 6116666666. 7113 11616666166666666166.1666661666166, 611
,1616161661666ὃι·1666666666666666. 766 ,161666661666661666661666661661166. 766 ,16 66661666. sifi·
61111166666166666,1661616666666166. 735· ,16161666666666166611616666666117166- ,111666661166631616616666666, 666
61ιί6116666611666661661666.66166. 116161. 666661666661166666616, 7117 ,161166-6666616666 regom 1166161166, 116661,

APPENDICES.

6111111111611111111111 111111111111. 116166611116666 61116666Γί66· 111. 1169 (16666166661166. ,611

116 1616666116 616 16 pris-ro. 1161.
116611661166616116666166166116616. 6111 6666666666 66 66666 ῃ 1166611616.»-616616166666. m
11666616666166166666166616166. 1161 ’ ¹¹ ¹ ¹ ¹ ’ 1666661666666666616611616166Ἱ16616666-
11616666666661666166666166661616. 11611 116166611666661661666666661. 1176 11666616666166616661666661666666. 11661.
11616661616116666. 1166 116166666666666166166666111661611666661 116666161666666661 61 66661166 616 6166·
1166 6661116666. 6666116666,616666666- 6166166116. 11111 66151· , 6111
616666,61616666616. 6167 1166 61666666Ι 6666666666 66 616 6616666 ι1666666666661666661661361166, 1161

manem-

 

